23.7074
30.9554
29.0524
31.4678
25.3301
23.5197
22.9510
29.0422
26.9144
25.3552
45.6805
22.1668
26.3021
29.5430
19.3581
39.0054
17.2151
31.8803
22.2378
22.7585
26.3188
29.5810
60.4734
36.6945
24.8608
23.2078
36.3870
32.4786
69.2742
77.6410
22.0961
31.7417
24.2171
27.1164
26.6867
23.5024
19.1948
20.9409
32.5487
17.6288
23.8811
28.8601
22.9332
40.9822
40.5759
38.7666
21.0381
22.1116
24.9885
23.2460
34.3559
25.4047
26.3271
45.1060
29.6311
32.6541
21.2173
46.7779
24.7426
25.7407
46.3067
27.4664
26.4614
23.0798
21.1276
26.9016
31.6661
28.2663
25.5869
26.0309
27.2056
26.2118
32.8406
23.7991
21.0127
27.3864
19.8549
59.5766
117.8017
39.4567
38.7238
35.0757
24.7918
36.0708
64.1536
45.4569
27.7310
34.7442
38.0362
24.0010
18.0922
17.8391
28.2427
27.9063
17.3446
18.9935
34.9608
25.7854
20.3937
25.8377
28.7884
35.9358
32.3554
36.8513
30.6693
29.2140
48.8561
24.8455
43.2272
33.1620
23.0459
42.2672
21.7697
23.5377
27.1319
25.8141
31.8371
24.6885
24.3197
25.9227
36.0188
47.2370
35.6494
22.0195
42.0142
26.2221
17.1631
17.0057
28.1506
33.6079
32.0271
29.6012
24.2431
29.3606
31.1666
21.0365
27.5356
27.2814
24.8449
48.2683
21.6335
27.4223
20.9866
37.8817
17.5306
25.0079
16.4207
27.1643
21.5392
23.3597
32.4674
31.7036
25.9688
26.7100
19.7915
27.4021
22.5796
67.0507
27.5114
54.8136
33.9725
35.2690
19.6523
17.9421
33.9809
30.9553
23.0612
22.7088
27.7911
41.2848
36.4327
28.4826
24.0468
23.5637
32.2894
33.3516
37.3071
22.0936
27.6077
18.5620
21.5877
33.7005
27.3050
31.3231
30.6063
28.2969
22.6305
21.5396
35.0842
31.3947
37.0244
47.7830
93.4175
34.1286
38.6685
38.0599
27.5233
25.9598
16.6029
29.3348
15.2786
18.5325
35.1765
26.9568
34.6657
39.7755
48.6072
54.5696
29.8202
50.6870
27.1428
20.8782
22.5230
33.6985
26.0277
32.9697
32.5343
18.1227
25.4626
33.1351
26.6953
29.4760
52.7567
22.4008
41.8454
23.5479
32.3607
29.3831
62.1381
39.3420
30.3994
23.2381
15.3290
41.7932
109.0740
22.1346
29.2582
31.3606
34.4579
22.2819
18.0812
32.9370
21.7907
42.8395
