20.6179
22.9364
20.8832
30.8505
24.6129
30.7866
15.9849
27.5191
34.4747
23.1069
29.4637
17.7324
41.8723
21.2627
31.6204
26.6530
26.3052
28.0564
20.1059
32.7195
22.2613
30.6811
79.8128
31.1077
29.8750
19.4624
30.2622
34.9856
21.9284
23.4291
38.9673
37.2909
26.3717
20.8748
33.2844
18.5486
55.9136
47.1956
27.3298
68.7193
20.2507
19.7971
30.8125
32.0041
21.2290
19.6190
27.9295
53.5239
38.9506
37.5937
23.9957
26.5570
29.8178
54.1468
29.7071
37.8023
20.5748
29.6679
36.8137
27.2470
23.1628
35.1592
27.2145
32.9725
25.8359
36.2673
52.5121
24.2837
25.8280
27.1251
21.6438
31.0551
28.8054
34.2146
39.6739
25.8536
43.2564
31.5856
25.5570
30.1708
28.9062
33.9561
51.4327
32.3419
45.6686
38.1877
36.2137
26.6051
28.9725
34.6935
26.4561
24.9683
42.6644
30.0353
24.1727
105.5945
69.5201
38.1336
21.4524
30.6257
25.0039
26.2827
22.8839
18.4059
21.4957
29.1435
22.8730
23.4838
28.5622
39.4796
27.8874
24.3058
29.2318
21.8841
42.3713
34.1007
35.3239
46.2684
24.1411
55.9087
36.3148
29.5189
18.6770
51.6800
32.1669
19.3074
26.5972
24.5924
24.5213
19.1738
26.5201
46.4480
27.3592
28.7510
38.1790
28.8468
21.5211
22.2746
31.6429
40.9888
39.2113
26.8846
16.4084
33.0940
28.7994
23.5541
17.9218
22.7314
29.8221
26.0989
34.8718
19.3028
40.0157
20.0069
25.6897
24.9571
29.0799
32.6814
24.2329
27.9709
21.7183
25.3137
19.0472
27.2538
28.8906
27.8005
35.1872
46.9471
30.5536
24.2222
46.7472
30.9573
70.6167
17.4516
20.7095
32.6328
27.9929
61.0780
34.3448
25.9943
18.6015
43.9728
34.8609
22.4646
22.4105
29.4678
35.8438
22.7295
27.1197
27.7640
44.5870
26.4594
21.4312
17.1570
37.2155
36.0792
32.6162
27.9584
18.9943


